2 213 124 166 56 27 25 104 90 120 63 4 94 42 116 219 101 55 82 2 86 132 72 9 46 144 32 88 110 39 81 93 127 204 106 35 112 167 108 138 163 147 59 212 137 179 165 119 91 14 12 202 8 97 5 3 169 22 173 186 34 185 180 158 123 52 113 114 209 143 17 66 11 16 99 162 64 50 216 44 156 189 126 111 208 47 133 29 1 210 69 18 24 140 130 19 195 103 115 174 196 200 141 57 62 183 182 26 170 171 148 15 199 45 159 87 197 161 105 178 7 67 77 207 96 37 176 68 92 157 206 107 205 121 214 211 153 33 154 54 184
2 56 213 25 166 27 124 120 104 4 90 63 94 42 116 219 101 2 82 55 9 86 46 132 144 32 81 88 39 93 72 110 204 127 112 106 108 138 35 167 59 163 179 212 137 165 147 202 14 8 91 12 119 97 169 5 3 173 186 22 158 34 185 52 123 209 113 114 180 143 17 11 66 16 64 162 99 156 50 189 126 208 216 133 44 111 47 69 29 1 24 140 19 18 210 195 174 196 103 57 200 183 141 115 130 170 26 62 171 159 148 182 199 15 87 45 197 105 178 161 67 7 77 207 68 96 157
2 124 166 213 56 27 25 104 63 4 90 120 42 94 55 116 219 86 82 72 101 132 2 9 32 144 46 88 110 93 81 39 204 106 127 112 167 108 163 138 59 212 137 35 147 165 179 12 91 119 14 3 8 202 169 173 186 97 5 34 180 123 22 185 52 158 113 209 143 114 11 17 99 50 66 16 64 44 162 216 189 208 111 156 133 29 126 18 69 47 1 210 24 130 140 195 115 19 174 57 103 200 182 196 62 183 170 171 141 26 148 159 199 87 105 197 45 178 7 77 67 207 37
2 166 213 124 27 56 104 25 63 90 4 120 116 219 55 101 42 94 82 2 9 86 132 72 144 46 32 88 81 110 39 204 93 106 112 127 35 163 138 167 59 108 147 212 179 165 91 137 119 202 14 12 3 8 22 5 169 34 173 186 97 185 158 123 180 113 52 114 17 143 66 209 162 64 99 16 50 216 11 44 156 126 133 111 208 29 189 1 47 18 130 140 69 24 210 19 103 195 174 200 115 196 62 141 57 182 183 171 26 170 159 148 199 87 15 197 45 178 77
2 213 166 27 56 90 104 25 124 63 120 94 4 116 219 42 82 101 55 86 72 2 9 132 32 144 110 88 39 127 46 93 204 81 167 35 112 106 138 108 59 212 137 163 147 119 179 202 165 14 3 91 8 5 22 12 97 173 34 169 186 185 180 52 123 113 114 158 17 209 66 16 11 143 162 99 216 50 156 64 111 44 208 47 126 29 1 133 69 189 18 130 19 140 210 103 24 115 195 174 196 57 183 62 26 170 200 182 159 171 141 148 199 87 197 45 15 161 7 105 207 96 67 37 178 176 92 68 157 77 107 211 214 121 206 33 205
2 166 27 124 213 104 25 90 56 63 4 120 94 219 116 55 2 42 101 82 86 132 46 9 72 32 144 88 110 81 127 39 93 106 112 204 167 138 108 35 163 147 59 179 119 212 137 165 91 14 202 8 12 5 3 169 97 22 186 185 173 180 34 113 158 52 114 123 143 209 17 11 66 99 162 64 50 216 44 16 126 189 208 111 156 29 133 47 69 18 24 1 19 140 210 174 115 103 130 200 57 195 141 183 62 196 171
2 213 166 56 27 25 124 104 90 120 4 63 116 42 94 219 55 101 132 82 72 2 46 32 144 9 86 110 88 81 93 39 204 35 127 108 106 112 163 147 138 167 137 59 212 179 119 91 14 202 8 165 3 97 12 22 186 5 185 169 180 34 158 123 114 173 209 17 11 143 66 52 113 50 16 162 99 216 44 64 156 189 47 208 111 126 29 1 133 69 210 18 140 130 24 19 174 115 195 103 200 196 141 62 183 170 182 159 26 57 171 15 199 148 87 161 45 105 178 197 67 77 37 176 68 207 7 96 206 157 107 92 205 214 153 33 54 121 154 117 211 145 21 160 58 190 164 60 168 203 198
2 213 124 56 27 104 90 120 166 63 94 4 25 116 55 42 219 82 2 101 132 86 9 32 88 72 110 46 144 93 127 81 106 39 35 167 204 112 163 108 147 138 59 212 137 179 165 14 202 12 119 8 91 169 97 5 3 173 186 22 185 123 34 180 113 52 114 158 209 143 11 17 66 16 99 216 44 64 156 189 111 162 50 126 133 208 47 29 1 210 69 140 18
2 200 194 153 45 125 184 68 103 189 163 178 1 93 97 79 199 136 191 187 143 182 192 31 204 77 185 198 131 61 36 114 197 44 111 151 139 73 104 81 173 86 216 11 26 196 172 19 159 212 88 51 167 122 69 41 158 59 218 117 213 66 12 113 82 171 30 87 170 10 62 27 16 133 146 201 219 169 9 156 174 138 157 154 195 50 85 175 96 38 115 15 43 13 7 128 28 165 176 101 54 20 127 119 215 140 188 98 109 142 208 67 105 183 155 126 100 134 95
2 194 200 163 153 189 45 125 103 184 93 1 199 68 178 182 136 143 187 97 77 79 191 61 31 204 44 192 198 131 185 36 151 81 114 111 73 104 139 216 197 26 86 173 19 11 196
2 184 200 45 163 194 125 68 103 189 93 199 178 97 153 182 187 79 136 1 77 191 143 204 31 192 44 61 198 114 197 131 36 111 139 151 185 81 104 173 216 212 86 11 19 196 73 26 159 51 172 41 167 59 158 69 117 88 171 122 218 213 12 66 10 133 82 87 30 62 113 27 170 219 174 115 16 201 146 157 169 9 154 195 85 156 138 50 96 175 43 15 13 38 28 7 20 165 128 101 127 176 188 54 215 119 109 142 98
2 194 153 200 184 125 189 163 103 68 199 178 1 97 182 79 45 93 187 204 143 191 77 31 192 136 61 44 198 185 131 111 197 36 151 114 139 81 73 104 173 86 212 26 216 11 196 159 51 172 41 122 167 19 158 88 59 69 213 171 117 218 87 12 66 82 113 10 133 30 170 62 219 27 174 16 146 9 169 115 195
2 194 200 153 163 45 184 189 93 125 103 199 68 182 178 97 143 1 79 136 187 204 192 61 191 77 31 44 131 185 198 36 197 151 111 73 114 104 81 86 139 173 216 26 196 19 172 41 212 159 11 51 122 158 88 167 59 69 117 171 12 213 66 218 82 113 133 10 62 16 170 27 219 87 30 174 201 115 157 146 156
2 51 202 176 155 60 21 175 127 174 133 99 113 184 16 165 61 10 97 67 108 204 193 30 70 7 71 28 45 194 156 223 82 152 90 124 158 3 116 134 83 206 109 172 35 191 75 4 88 180 77 199 168 139 105 25 31 94 11 15 126 18 23 47 162 89 101 74 80 78 154 144 201 169 24 212 222 205 136 218 93
2 175 155 99 202 60 21 51 133 174 113 176 61 67 16 184 127 30 193 7 97 10 45 165 108 194 156 204 70 90 152 124 71 28 83 223 82 134 75 172 35 206 116 191 88 3 109 4 31 94 105 180 77 18 168 78 162 139 158 15 11 25 101 89 126 47 154 144 23 74 1 199 201 212 136 205 80 218 93
2 176 202 175 21 99 155 51 127 30 133 174 16 60 113 165 61 184 193 10 45 67 97 7 71 90 156 204 108 194 82 28 83 223 70 3 75 152 109 124 35 172 116 206 158 191 31 4 88 134 168 25 126 94 77 18 105 139 162 180 23 78 11 47 136 199 101 144 201 89 154 212 15 74 24 169 1 205 222 62 132 218 80 186 93
2 176 21 175 155 99 202 60 127 30 113 174 133 184 45 51 61 67 108 165 16 7 193 90 156 28 97 194 71 10 83 223 82 204 158 124 75 3 70 172 152 134 35 191 88 206 31 25 109 4 77 180 116 199 126 18 23 139 105 94 168 15 162 78 11 89 101 144 154 47 80 212 136 169 1 205 24 218 201 130 214 186 93
2 176 198 99 93 175 195 30 205 51 77 174 98 67 196 60 157 184 95 165 37 90 156 194 166 204 189 28 209 10 16 3 125 61 0 7 105 134 23 124 213 206 182 152 214 172 185 223 81 4 29 25 144 94 38 191 57 18 128 199 34 180 59 75 130 74 115 47 31 139 188 89 131 78 97 62 211 15 88 148 86 155 45 218 13 169 117 212 202 186 208 24 171 63 133 21 35 167 36
2 176 77 175 198 51 205 99 93 165 95 30 195 60 157 174 156 10 196 90 166 184 98 67 209 194 189 61 16 7 37 204 125 28 213 124 185 3 105 134 81 223 182 172 0 206 23 152 214 4 38 94 128 180 57 25 34 191 29 18 144 199 115 15 130 47 59 75 211 89 31 169 188 74 88 139 131 78 97 155 117 62 13 212 86 218 45 21 208 24 171 186 202 148 35 63 76 72 118 102 133 136 109 167 36
2 176 93 175 77 99 198 30 205 60 95 174 157 51 195 165 37 67 196 184 166 90 156 10 98 204 7 194 16 3 209 61 125 28 0 124 189 134 105 206 23 223 185 4 213 152 182 172 81 25 214 191 29 180 144 75 128 199 38 94 57 18 34 47 59 139 188 74 131 15 211 89 115 212 130 169 88 62 31 155 86 148 117 24 13 78 118 21 97 218 171 72 35 136 202 63 76 186 208 167 36
2 51 93 175 77 99 95 174 98 176 157 165 205 30 198 184 196 10 195 60 37 90 156 194 166 67 16 204 189 7 209 124 125 28 105 61 23 223 213 3 0 134 185 172 214 191 182 4 128 25 81 206 38 94 29 18 34 152 144 139 59 75 115 199 188 180 57 47 211 89 131 78 31 15 13 74 88 62 45 169 86 148 130 212 117 24 97 155 118 218 202 72 76 21 35 167 109 186 208 63 36